particle_bandwidth: 79.30766666666668
smoothness_bandwidth: 226.59333333333333