particle_bandwidth: 3.6843333333333335
smoothness_bandwidth: 10.526666666666667