particle_bandwidth: 125.49226666666667
smoothness_bandwidth: 358.5493333333333