particle_bandwidth: 6.766666666666667
smoothness_bandwidth: 19.333333333333332