particle_bandwidth: 15.118600000000013
smoothness_bandwidth: 43.19600000000003