particle_bandwidth: 18.666666666666668
smoothness_bandwidth: 53.333333333333336