particle_bandwidth: 51.63666666666667
smoothness_bandwidth: 147.53333333333333