particle_bandwidth: 4.4844333333333335
smoothness_bandwidth: 12.812666666666667