particle_bandwidth: 18.582666666666668
smoothness_bandwidth: 53.093333333333334