particle_bandwidth: 125.30186666666667
smoothness_bandwidth: 358.00533333333334