particle_bandwidth: 18.479066666666668
smoothness_bandwidth: 52.797333333333334