particle_bandwidth: 23.244666666666664
smoothness_bandwidth: 66.41333333333333