particle_bandwidth: 9.294599999999999
smoothness_bandwidth: 26.555999999999997