particle_bandwidth: 4.362866666666666
smoothness_bandwidth: 12.465333333333332