particle_bandwidth: 13.720933333333333
smoothness_bandwidth: 39.202666666666666