particle_bandwidth: 17.964333333333332
smoothness_bandwidth: 51.32666666666666