particle_bandwidth: 4.549533333333334
smoothness_bandwidth: 12.998666666666667