particle_bandwidth: 32.181333333333335
smoothness_bandwidth: 91.94666666666667