particle_bandwidth: 4.620933333333333
smoothness_bandwidth: 13.202666666666666