particle_bandwidth: 13.943066666666667
smoothness_bandwidth: 39.837333333333326