particle_bandwidth: 13.450266666666666
smoothness_bandwidth: 38.42933333333333