particle_bandwidth: 14.234266666666667
smoothness_bandwidth: 40.66933333333333