particle_bandwidth: 32.78940000000001
smoothness_bandwidth: 93.68400000000001