particle_bandwidth: 60.24573333333333
smoothness_bandwidth: 172.13066666666663