particle_bandwidth: 12.533266666666666
smoothness_bandwidth: 35.809333333333335