particle_bandwidth: 13.939333333333336
smoothness_bandwidth: 39.826666666666675