particle_bandwidth: 66.38420967229334
smoothness_bandwidth: 189.6691704922667