particle_bandwidth: 4.294266666666667
smoothness_bandwidth: 12.269333333333332