particle_bandwidth: 65.01833333333333
smoothness_bandwidth: 185.76666666666665