particle_bandwidth: 13.924866666666667
smoothness_bandwidth: 39.785333333333334