particle_bandwidth: 27.97526666666668
smoothness_bandwidth: 79.92933333333336