particle_bandwidth: 6.066666666666667
smoothness_bandwidth: 17.333333333333332