particle_bandwidth: 4.350733333333333
smoothness_bandwidth: 12.430666666666667