particle_bandwidth: 4.386666666666667
smoothness_bandwidth: 12.533333333333333