particle_bandwidth: 6.8007333333333335
smoothness_bandwidth: 19.430666666666664