particle_bandwidth: 24.406666666666666
smoothness_bandwidth: 69.73333333333333