particle_bandwidth: 13.798866666666667
smoothness_bandwidth: 39.425333333333334