particle_bandwidth: 13.679866666666669
smoothness_bandwidth: 39.08533333333334