particle_bandwidth: 6.818000000000001
smoothness_bandwidth: 19.480000000000004