particle_bandwidth: 16.156000000000002
smoothness_bandwidth: 46.160000000000004