particle_bandwidth: 18.661533333333335
smoothness_bandwidth: 53.31866666666667