particle_bandwidth: 32.58977072087334
smoothness_bandwidth: 93.11363063106667