particle_bandwidth: 13.828266666666668
smoothness_bandwidth: 39.50933333333333