particle_bandwidth: 4.420266666666668
smoothness_bandwidth: 12.629333333333337