particle_bandwidth: 16.71926666666667
smoothness_bandwidth: 47.769333333333336