particle_bandwidth: 6.593066666666667
smoothness_bandwidth: 18.837333333333333