particle_bandwidth: 8.922666666666668
smoothness_bandwidth: 25.493333333333336