particle_bandwidth: 23.144799999999993
smoothness_bandwidth: 66.12799999999997