particle_bandwidth: 18.614866666666668
smoothness_bandwidth: 53.18533333333333