particle_bandwidth: 18.59096163866667
smoothness_bandwidth: 53.11703325333334