particle_bandwidth: 16.053333333333335
smoothness_bandwidth: 45.86666666666667