particle_bandwidth: 6.895933333333334
smoothness_bandwidth: 19.70266666666667