particle_bandwidth: 6.250533333333332
smoothness_bandwidth: 17.85866666666666