particle_bandwidth: 27.91413333333334
smoothness_bandwidth: 79.75466666666668