particle_bandwidth: 6.717666666666668
smoothness_bandwidth: 19.193333333333335