particle_bandwidth: 8.899333333333335
smoothness_bandwidth: 25.42666666666667