particle_bandwidth: 1.6520000000000044
smoothness_bandwidth: 4.720000000000012