particle_bandwidth: 32.153333333333336
smoothness_bandwidth: 91.86666666666666