particle_bandwidth: 85.33093333333333
smoothness_bandwidth: 243.80266666666665