particle_bandwidth: 14.275779233333331
smoothness_bandwidth: 40.78794066666666