particle_bandwidth: 32.025933333333334
smoothness_bandwidth: 91.50266666666667