particle_bandwidth: 24.719333333333335
smoothness_bandwidth: 70.62666666666667