particle_bandwidth: 4.637313333333332
smoothness_bandwidth: 13.249466666666663