particle_bandwidth: 4.455733333333334
smoothness_bandwidth: 12.730666666666668