particle_bandwidth: 13.60706666666667
smoothness_bandwidth: 38.87733333333334