particle_bandwidth: 4.6527684
smoothness_bandwidth: 13.293624