particle_bandwidth: 4.364968673333333
smoothness_bandwidth: 12.471339066666667