particle_bandwidth: 59.37446666666667
smoothness_bandwidth: 169.64133333333334