particle_bandwidth: 18.517333333333337
smoothness_bandwidth: 52.90666666666667