particle_bandwidth: 13.066666666666666
smoothness_bandwidth: 37.333333333333336