particle_bandwidth: 32.33533333333333
smoothness_bandwidth: 92.38666666666666