particle_bandwidth: 6.360666666666668
smoothness_bandwidth: 18.173333333333336