particle_bandwidth: 4.213673333333333
smoothness_bandwidth: 12.039066666666665