particle_bandwidth: 31.794933333333333
smoothness_bandwidth: 90.84266666666666