particle_bandwidth: 15.935873333333335
smoothness_bandwidth: 45.53106666666667