particle_bandwidth: 13.824066666666669
smoothness_bandwidth: 39.49733333333334