particle_bandwidth: 65.13173333333334
smoothness_bandwidth: 186.09066666666666