particle_bandwidth: 9.239533333333334
smoothness_bandwidth: 26.398666666666667