particle_bandwidth: 71.14893333333335
smoothness_bandwidth: 203.28266666666667