particle_bandwidth: 12.376000000000003
smoothness_bandwidth: 35.36000000000001