particle_bandwidth: 22.24599999999999
smoothness_bandwidth: 63.559999999999974