particle_bandwidth: 78.86666666666667
smoothness_bandwidth: 225.33333333333337