particle_bandwidth: 4.461333333333334
smoothness_bandwidth: 12.746666666666668