particle_bandwidth: 1.9324666666666666
smoothness_bandwidth: 5.521333333333333