particle_bandwidth: 18.506133333333334
smoothness_bandwidth: 52.87466666666666