particle_bandwidth: 23.144785999999996
smoothness_bandwidth: 66.12795999999999