particle_bandwidth: 4.3768666666666665
smoothness_bandwidth: 12.505333333333333