particle_bandwidth: 125.88146666666667
smoothness_bandwidth: 359.66133333333335