particle_bandwidth: 32.10666666666667
smoothness_bandwidth: 91.73333333333333