particle_bandwidth: 6.901999999999999
smoothness_bandwidth: 19.719999999999995