particle_bandwidth: 4.769333333333336
smoothness_bandwidth: 13.626666666666672