particle_bandwidth: 17.349733333333333
smoothness_bandwidth: 49.57066666666666