particle_bandwidth: 13.960333333333336
smoothness_bandwidth: 39.88666666666667