particle_bandwidth: 30.622666666666664
smoothness_bandwidth: 87.49333333333333