particle_bandwidth: 4.331600000000001
smoothness_bandwidth: 12.376000000000001