particle_bandwidth: 32.45153333333334
smoothness_bandwidth: 92.71866666666666