particle_bandwidth: 4.463712288
smoothness_bandwidth: 12.753463680000001