particle_bandwidth: 51.53792394338
smoothness_bandwidth: 147.2512112668