particle_bandwidth: 8.838666666666667
smoothness_bandwidth: 25.25333333333333