particle_bandwidth: 32.06164369333334
smoothness_bandwidth: 91.60469626666668