particle_bandwidth: 4.375933333333333
smoothness_bandwidth: 12.502666666666666