particle_bandwidth: -0.00793333333333333
smoothness_bandwidth: -0.022666666666666658