particle_bandwidth: 6.519333333333333
smoothness_bandwidth: 18.626666666666665