particle_bandwidth: 32.212133333333334
smoothness_bandwidth: 92.03466666666667