particle_bandwidth: 13.763866666666667
smoothness_bandwidth: 39.32533333333333