particle_bandwidth: 125.71673333333335
smoothness_bandwidth: 359.1906666666667