particle_bandwidth: 31.96666666666667
smoothness_bandwidth: 91.33333333333333