particle_bandwidth: 12.481000000000003
smoothness_bandwidth: 35.660000000000004