particle_bandwidth: 6.9719999999999995
smoothness_bandwidth: 19.919999999999998