particle_bandwidth: 32.03666666666667
smoothness_bandwidth: 91.53333333333333