particle_bandwidth: 4.428666666666667
smoothness_bandwidth: 12.653333333333334