particle_bandwidth: 9.253533333333335
smoothness_bandwidth: 26.43866666666667