particle_bandwidth: 4.423533333333333
smoothness_bandwidth: 12.638666666666666