particle_bandwidth: 13.98086666666667
smoothness_bandwidth: 39.94533333333334