particle_bandwidth: 34.83666666666668
smoothness_bandwidth: 99.53333333333336