particle_bandwidth: 4.364733333333334
smoothness_bandwidth: 12.470666666666666