particle_bandwidth: 16.681000000000004
smoothness_bandwidth: 47.660000000000004