particle_bandwidth: 13.751266666666668
smoothness_bandwidth: 39.28933333333333