particle_bandwidth: 4.448266666666666
smoothness_bandwidth: 12.709333333333332