particle_bandwidth: 4.181333333333333
smoothness_bandwidth: 11.946666666666665