particle_bandwidth: 4.654533333333334
smoothness_bandwidth: 13.298666666666668