particle_bandwidth: 13.155333333333333
smoothness_bandwidth: 37.586666666666666