particle_bandwidth: 76.86813974
smoothness_bandwidth: 219.62325639999997