particle_bandwidth: 18.563066666666668
smoothness_bandwidth: 53.037333333333336