particle_bandwidth: 64.99593333333334
smoothness_bandwidth: 185.70266666666666