particle_bandwidth: 18.10526666666667
smoothness_bandwidth: 51.72933333333334