particle_bandwidth: 97.39333333333333
smoothness_bandwidth: 278.26666666666665