particle_bandwidth: 13.55900000000001
smoothness_bandwidth: 38.74000000000002