particle_bandwidth: 9.120783933333335
smoothness_bandwidth: 26.059382666666668