particle_bandwidth: 9.128696705333335
smoothness_bandwidth: 26.08199058666667