particle_bandwidth: 6.742187881333333
smoothness_bandwidth: 19.263393946666664