particle_bandwidth: 10.545733333333333
smoothness_bandwidth: 30.13066666666666