particle_bandwidth: 4.290066666666667
smoothness_bandwidth: 12.257333333333333