particle_bandwidth: 18.519666666666666
smoothness_bandwidth: 52.91333333333333