particle_bandwidth: 4.1239333333333335
smoothness_bandwidth: 11.782666666666666