particle_bandwidth: 11.655933333333333
smoothness_bandwidth: 33.30266666666667