particle_bandwidth: 31.515400000000003
smoothness_bandwidth: 90.04400000000001