particle_bandwidth: 32.46973333333333
smoothness_bandwidth: 92.77066666666666