particle_bandwidth: 81.10146123286668
smoothness_bandwidth: 231.71846066533334