particle_bandwidth: 27.86746666666666
smoothness_bandwidth: 79.62133333333331