particle_bandwidth: 12.830227843533333
smoothness_bandwidth: 36.65779383866666