particle_bandwidth: 6.8555904666666665
smoothness_bandwidth: 19.587401333333332