particle_bandwidth: 33.558933333333336
smoothness_bandwidth: 95.88266666666667