particle_bandwidth: 125.66913333333333
smoothness_bandwidth: 359.05466666666666