particle_bandwidth: 6.210866666666669
smoothness_bandwidth: 17.74533333333334