particle_bandwidth: 18.573333333333334
smoothness_bandwidth: 53.06666666666666