particle_bandwidth: 14.788666666666666
smoothness_bandwidth: 42.25333333333333