particle_bandwidth: 18.970000000000002
smoothness_bandwidth: 54.199999999999996