particle_bandwidth: 60.43333333333334
smoothness_bandwidth: 172.66666666666666