particle_bandwidth: 13.766666666666667
smoothness_bandwidth: 39.333333333333336