particle_bandwidth: 21.489533333333334
smoothness_bandwidth: 61.398666666666664