particle_bandwidth: 6.893133333333333
smoothness_bandwidth: 19.694666666666663