particle_bandwidth: 15.860133333333335
smoothness_bandwidth: 45.31466666666667