particle_bandwidth: 6.951466666666668
smoothness_bandwidth: 19.861333333333334