particle_bandwidth: 32.43053333333333
smoothness_bandwidth: 92.65866666666666