particle_bandwidth: 13.596053333333334
smoothness_bandwidth: 38.845866666666666