particle_bandwidth: 9.053333333333335
smoothness_bandwidth: 25.866666666666667