particle_bandwidth: 9.099533333333333
smoothness_bandwidth: 25.99866666666667