particle_bandwidth: 65.15693333333333
smoothness_bandwidth: 186.16266666666664