particle_bandwidth: 27.915999999999993
smoothness_bandwidth: 79.75999999999998