particle_bandwidth: 18.548133333333332
smoothness_bandwidth: 52.99466666666666