particle_bandwidth: 97.52866666666668
smoothness_bandwidth: 278.65333333333336