particle_bandwidth: 5.027866666666667
smoothness_bandwidth: 14.365333333333334