particle_bandwidth: 4.2097533333333335
smoothness_bandwidth: 12.027866666666666