particle_bandwidth: 125.83106666666667
smoothness_bandwidth: 359.51733333333334