particle_bandwidth: 4.645666666666667
smoothness_bandwidth: 13.273333333333333