particle_bandwidth: 20.645333333333337
smoothness_bandwidth: 58.98666666666667