particle_bandwidth: 13.981333333333332
smoothness_bandwidth: 39.94666666666666