particle_bandwidth: 18.448733333333337
smoothness_bandwidth: 52.71066666666667