particle_bandwidth: 21.052733333333332
smoothness_bandwidth: 60.150666666666666