particle_bandwidth: 4.577066666666667
smoothness_bandwidth: 13.077333333333335