particle_bandwidth: 6.734000000000001
smoothness_bandwidth: 19.240000000000002