particle_bandwidth: 6.639733333333334
smoothness_bandwidth: 18.970666666666666