particle_bandwidth: 32.08566666666667
smoothness_bandwidth: 91.67333333333333