particle_bandwidth: 60.548418000000005
smoothness_bandwidth: 172.99548000000001