particle_bandwidth: 6.858133333333333
smoothness_bandwidth: 19.594666666666665