particle_bandwidth: 125.35133333333333
smoothness_bandwidth: 358.14666666666665