particle_bandwidth: 6.7274666666666665
smoothness_bandwidth: 19.221333333333334