particle_bandwidth: 6.978533333333333
smoothness_bandwidth: 19.938666666666666