particle_bandwidth: 60.424000000000014
smoothness_bandwidth: 172.64000000000001