particle_bandwidth: 18.802000000000007
smoothness_bandwidth: 53.72000000000001