particle_bandwidth: 13.886366666666667
smoothness_bandwidth: 39.675333333333334