particle_bandwidth: 13.833866666666667
smoothness_bandwidth: 39.525333333333336