particle_bandwidth: 32.04226666666667
smoothness_bandwidth: 91.54933333333334