particle_bandwidth: 4.565866666666667
smoothness_bandwidth: 13.045333333333334