particle_bandwidth: 6.754066666666667
smoothness_bandwidth: 19.29733333333333