particle_bandwidth: 32.37014666666667
smoothness_bandwidth: 92.48613333333334