particle_bandwidth: 12.092266666666667
smoothness_bandwidth: 34.54933333333334