particle_bandwidth: 32.63353333333333
smoothness_bandwidth: 93.23866666666666