particle_bandwidth: 48.59446666666667
smoothness_bandwidth: 138.84133333333332