particle_bandwidth: 6.914786666666666
smoothness_bandwidth: 19.75653333333333