particle_bandwidth: 4.1234340326666645
smoothness_bandwidth: 11.781240093333327