particle_bandwidth: 4.5705333333333344
smoothness_bandwidth: 13.058666666666667