particle_bandwidth: 6.870266666666667
smoothness_bandwidth: 19.62933333333333