particle_bandwidth: 32.64090666666667
smoothness_bandwidth: 93.25973333333334