particle_bandwidth: 6.7459662666666675
smoothness_bandwidth: 19.274189333333332