particle_bandwidth: 13.856266666666665
smoothness_bandwidth: 39.58933333333333