particle_bandwidth: 32.23991638896
smoothness_bandwidth: 92.11404682559998