particle_bandwidth: 32.62466666666667
smoothness_bandwidth: 93.21333333333334