particle_bandwidth: 27.837133333333345
smoothness_bandwidth: 79.5346666666667