particle_bandwidth: 13.970366666666665
smoothness_bandwidth: 39.91533333333333