particle_bandwidth: 125.67473333333335
smoothness_bandwidth: 359.0706666666667