particle_bandwidth: 8.752333333333334
smoothness_bandwidth: 25.006666666666668