particle_bandwidth: 4.194400000000001
smoothness_bandwidth: 11.984000000000002