particle_bandwidth: 27.066666666666666
smoothness_bandwidth: 77.33333333333333