particle_bandwidth: 13.940266666666666
smoothness_bandwidth: 39.82933333333333