particle_bandwidth: 9.320266666666667
smoothness_bandwidth: 26.62933333333333