particle_bandwidth: 13.900693333333335
smoothness_bandwidth: 39.71626666666667