particle_bandwidth: 32.311257276713334
smoothness_bandwidth: 92.31787793346666