particle_bandwidth: 77.25806666666666
smoothness_bandwidth: 220.73733333333334