particle_bandwidth: 38.364666666666665
smoothness_bandwidth: 109.61333333333332