particle_bandwidth: 2.3081333333333327
smoothness_bandwidth: 6.594666666666664