particle_bandwidth: 13.839466666666667
smoothness_bandwidth: 39.541333333333334