particle_bandwidth: 13.742663420873335
smoothness_bandwidth: 39.26475263106667