particle_bandwidth: 9.065000000000001
smoothness_bandwidth: 25.900000000000002