particle_bandwidth: 9.666533333333339
smoothness_bandwidth: 27.61866666666668