particle_bandwidth: 4.515933333333333
smoothness_bandwidth: 12.902666666666667