particle_bandwidth: 9.267066666666667
smoothness_bandwidth: 26.47733333333333