particle_bandwidth: 9.262820000000001
smoothness_bandwidth: 26.465200000000003