particle_bandwidth: 13.54642484748
smoothness_bandwidth: 38.7040709928