particle_bandwidth: 24.933066666666665
smoothness_bandwidth: 71.23733333333332