particle_bandwidth: 2.1597333333333335
smoothness_bandwidth: 6.1706666666666665