particle_bandwidth: 3.124333333333333
smoothness_bandwidth: 8.926666666666666