particle_bandwidth: 9.238133333333336
smoothness_bandwidth: 26.39466666666667