particle_bandwidth: 33.108133333333335
smoothness_bandwidth: 94.59466666666667