particle_bandwidth: 6.729333333333333
smoothness_bandwidth: 19.226666666666667