particle_bandwidth: 6.532866666666667
smoothness_bandwidth: 18.665333333333333