particle_bandwidth: 79.20546666666667
smoothness_bandwidth: 226.3013333333333