particle_bandwidth: 4.556533333333333
smoothness_bandwidth: 13.018666666666666