particle_bandwidth: 8.716243074000001
smoothness_bandwidth: 24.90355164