particle_bandwidth: 60.47837884666667
smoothness_bandwidth: 172.79536813333334