particle_bandwidth: 32.602101000000005
smoothness_bandwidth: 93.14886000000001