particle_bandwidth: 13.822666666666667
smoothness_bandwidth: 39.49333333333333