particle_bandwidth: 6.430666666666667
smoothness_bandwidth: 18.373333333333335