particle_bandwidth: 13.860466666666667
smoothness_bandwidth: 39.60133333333333