particle_bandwidth: 9.266133333333334
smoothness_bandwidth: 26.474666666666668