particle_bandwidth: 4.570641025626667
smoothness_bandwidth: 13.058974358933334