particle_bandwidth: 13.378866666666667
smoothness_bandwidth: 38.22533333333333