particle_bandwidth: 6.847866666666666
smoothness_bandwidth: 19.56533333333333