particle_bandwidth: 13.748933333333332
smoothness_bandwidth: 39.28266666666666