particle_bandwidth: 6.218333333333334
smoothness_bandwidth: 17.766666666666666