particle_bandwidth: 9.055666666666665
smoothness_bandwidth: 25.87333333333333