particle_bandwidth: 11.573333333333334
smoothness_bandwidth: 33.06666666666666