particle_bandwidth: 17.558419759999996
smoothness_bandwidth: 50.16691359999998