particle_bandwidth: 6.792582468046667
smoothness_bandwidth: 19.407378480133332