particle_bandwidth: 4.993333333333333
smoothness_bandwidth: 14.266666666666666