particle_bandwidth: 8.943666666666665
smoothness_bandwidth: 25.55333333333333