particle_bandwidth: 9.268933333333333
smoothness_bandwidth: 26.482666666666663