particle_bandwidth: 32.1198486
smoothness_bandwidth: 91.770996