particle_bandwidth: 9.071066666666667
smoothness_bandwidth: 25.917333333333332