particle_bandwidth: 4.225666666666667
smoothness_bandwidth: 12.073333333333332