particle_bandwidth: 9.170933333333332
smoothness_bandwidth: 26.202666666666662