particle_bandwidth: 4.5229333333333335
smoothness_bandwidth: 12.922666666666666