particle_bandwidth: 21.933333333333334
smoothness_bandwidth: 62.666666666666664