particle_bandwidth: 32.335225748
smoothness_bandwidth: 92.38635928