particle_bandwidth: 6.3933333333333335
smoothness_bandwidth: 18.266666666666666