particle_bandwidth: 21.594470589999997
smoothness_bandwidth: 61.69848739999999