particle_bandwidth: 9.169066666666668
smoothness_bandwidth: 26.197333333333336