particle_bandwidth: 6.893599999999999
smoothness_bandwidth: 19.695999999999994