particle_bandwidth: 63.87941667286667
smoothness_bandwidth: 182.51261906533333