particle_bandwidth: 6.002826666666665
smoothness_bandwidth: 17.150933333333327