particle_bandwidth: 9.134533333333334
smoothness_bandwidth: 26.098666666666666