particle_bandwidth: 9.126786666666666
smoothness_bandwidth: 26.07653333333333