particle_bandwidth: 9.138733333333334
smoothness_bandwidth: 26.110666666666667