particle_bandwidth: 6.691999999999999
smoothness_bandwidth: 19.119999999999997