particle_bandwidth: 27.311666666666657
smoothness_bandwidth: 78.0333333333333