particle_bandwidth: 6.701333333333335
smoothness_bandwidth: 19.14666666666667