particle_bandwidth: 4.007733333333317
smoothness_bandwidth: 11.45066666666662