particle_bandwidth: 64.67533333333334
smoothness_bandwidth: 184.7866666666667