particle_bandwidth: 29.840076653333334
smoothness_bandwidth: 85.25736186666666