particle_bandwidth: 18.551866666666665
smoothness_bandwidth: 53.005333333333326