particle_bandwidth: 29.168066666666668
smoothness_bandwidth: 83.33733333333333