particle_bandwidth: 6.625266666666668
smoothness_bandwidth: 18.929333333333336