particle_bandwidth: 6.947266666666666
smoothness_bandwidth: 19.84933333333333