particle_bandwidth: 13.957999999999998
smoothness_bandwidth: 39.879999999999995