particle_bandwidth: 3.449600000000001
smoothness_bandwidth: 9.856000000000002