particle_bandwidth: 8.730400000000001
smoothness_bandwidth: 24.944000000000003