particle_bandwidth: 4.592933333333333
smoothness_bandwidth: 13.122666666666666