particle_bandwidth: 18.433333333333334
smoothness_bandwidth: 52.666666666666664