particle_bandwidth: 18.408305253333335
smoothness_bandwidth: 52.59515786666667