particle_bandwidth: 60.486066666666666
smoothness_bandwidth: 172.81733333333332