particle_bandwidth: 4.6302666666666665
smoothness_bandwidth: 13.229333333333333