particle_bandwidth: 31.80986666666667
smoothness_bandwidth: 90.88533333333335