particle_bandwidth: 4.512666666666667
smoothness_bandwidth: 12.893333333333333