particle_bandwidth: 60.267199999999995
smoothness_bandwidth: 172.19199999999998