particle_bandwidth: 23.230666666666664
smoothness_bandwidth: 66.37333333333332