particle_bandwidth: 4.598066666666667
smoothness_bandwidth: 13.137333333333332