particle_bandwidth: 23.26053333333334
smoothness_bandwidth: 66.45866666666667