particle_bandwidth: 0.03359999999999995
smoothness_bandwidth: 0.09599999999999985