particle_bandwidth: 6.988333333333333
smoothness_bandwidth: 19.966666666666665