particle_bandwidth: 18.61450574666667
smoothness_bandwidth: 53.18430213333333