particle_bandwidth: 9.272271185333333
smoothness_bandwidth: 26.492203386666663