particle_bandwidth: 49.02006666666667
smoothness_bandwidth: 140.05733333333333