particle_bandwidth: 88.50566666666667
smoothness_bandwidth: 252.87333333333333