particle_bandwidth: 16.967066666666668
smoothness_bandwidth: 48.477333333333334