particle_bandwidth: 5.229000000000001
smoothness_bandwidth: 14.940000000000001