particle_bandwidth: 13.541033333333333
smoothness_bandwidth: 38.68866666666666