particle_bandwidth: 31.292737704666667
smoothness_bandwidth: 89.40782201333333