particle_bandwidth: 27.641133333333343
smoothness_bandwidth: 78.97466666666669