particle_bandwidth: 31.559027714200006
smoothness_bandwidth: 90.16865061200001
min_resolution: inf
