particle_bandwidth: 4.473933333333334
smoothness_bandwidth: 12.782666666666668