particle_bandwidth: 66.52006666666668
smoothness_bandwidth: 190.05733333333333