particle_bandwidth: 4.431933333333333
smoothness_bandwidth: 12.662666666666667