particle_bandwidth: 9.24127456
smoothness_bandwidth: 26.4036416