particle_bandwidth: 6.955200000000001
smoothness_bandwidth: 19.872000000000003