particle_bandwidth: 13.659333333333336
smoothness_bandwidth: 39.02666666666667