particle_bandwidth: 6.863733333333334
smoothness_bandwidth: 19.610666666666667