particle_bandwidth: 37.534466666666674
smoothness_bandwidth: 107.24133333333336