particle_bandwidth: 32.37173333333333
smoothness_bandwidth: 92.49066666666666