particle_bandwidth: 9.123333333333333
smoothness_bandwidth: 26.066666666666666