particle_bandwidth: 125.76998772800002
smoothness_bandwidth: 359.34282208