particle_bandwidth: 4.546266666666667
smoothness_bandwidth: 12.989333333333333