particle_bandwidth: 4.201729670880001
smoothness_bandwidth: 12.0049419168