particle_bandwidth: 2.914333333333333
smoothness_bandwidth: 8.326666666666664