particle_bandwidth: 78.66273333333334
smoothness_bandwidth: 224.75066666666666