particle_bandwidth: 13.948433333333336
smoothness_bandwidth: 39.85266666666667