particle_bandwidth: 11.034799999999999
smoothness_bandwidth: 31.527999999999995