particle_bandwidth: 13.553400000000002
smoothness_bandwidth: 38.724000000000004