particle_bandwidth: 9.158333333333333
smoothness_bandwidth: 26.166666666666668