particle_bandwidth: 6.6331999999999995
smoothness_bandwidth: 18.951999999999998