particle_bandwidth: 18.59666666666667
smoothness_bandwidth: 53.13333333333334