particle_bandwidth: 14.540866666666666
smoothness_bandwidth: 41.54533333333333