particle_bandwidth: 4.2312666666666665
smoothness_bandwidth: 12.089333333333334