particle_bandwidth: 8.637999999999996
smoothness_bandwidth: 24.67999999999999