particle_bandwidth: 60.52246666666667
smoothness_bandwidth: 172.92133333333334