particle_bandwidth: 18.611600000000003
smoothness_bandwidth: 53.17600000000001