particle_bandwidth: 65.06219999999999
smoothness_bandwidth: 185.89199999999997