particle_bandwidth: 32.40906666666667
smoothness_bandwidth: 92.59733333333334