particle_bandwidth: 9.207333333333333
smoothness_bandwidth: 26.306666666666665