particle_bandwidth: 4.438000000000001
smoothness_bandwidth: 12.680000000000001