particle_bandwidth: 15.782666666666664
smoothness_bandwidth: 45.09333333333333