particle_bandwidth: 6.822666666666667
smoothness_bandwidth: 19.493333333333332