particle_bandwidth: 30.828933333333335
smoothness_bandwidth: 88.08266666666667