particle_bandwidth: 32.40066666666667
smoothness_bandwidth: 92.57333333333334