particle_bandwidth: 10.582133333333333
smoothness_bandwidth: 30.234666666666666