particle_bandwidth: 0.21513333333333398
smoothness_bandwidth: 0.6146666666666685