particle_bandwidth: 4.0600000000000005
smoothness_bandwidth: 11.600000000000001