particle_bandwidth: 85.44666666666667
smoothness_bandwidth: 244.13333333333333