particle_bandwidth: 4.893466666666667
smoothness_bandwidth: 13.981333333333334