particle_bandwidth: 4.414666666666666
smoothness_bandwidth: 12.613333333333333