particle_bandwidth: 13.001333333333333
smoothness_bandwidth: 37.14666666666666