particle_bandwidth: 15.428933333333335
smoothness_bandwidth: 44.08266666666667