particle_bandwidth: 43.820270153333325
smoothness_bandwidth: 125.20077186666664