particle_bandwidth: 4.422366666666667
smoothness_bandwidth: 12.635333333333334