particle_bandwidth: 4.590506666666666
smoothness_bandwidth: 13.115733333333333