particle_bandwidth: 13.475933333333336
smoothness_bandwidth: 38.50266666666667