particle_bandwidth: 4.417933333333334
smoothness_bandwidth: 12.622666666666667