particle_bandwidth: 32.565400000000004
smoothness_bandwidth: 93.04400000000001