particle_bandwidth: 4.209333333333333
smoothness_bandwidth: 12.026666666666667