particle_bandwidth: 4.5962000000000005
smoothness_bandwidth: 13.132000000000001