particle_bandwidth: 18.436133333333334
smoothness_bandwidth: 52.67466666666667