particle_bandwidth: 28.216066666666663
smoothness_bandwidth: 80.61733333333332