particle_bandwidth: 58.66933333333333
smoothness_bandwidth: 167.62666666666664