particle_bandwidth: 3.632533333333335
smoothness_bandwidth: 10.378666666666671