particle_bandwidth: 6.259400000000001
smoothness_bandwidth: 17.884000000000004