particle_bandwidth: 13.93064102696
smoothness_bandwidth: 39.8018315056