particle_bandwidth: 16.039333333333335
smoothness_bandwidth: 45.826666666666675