particle_bandwidth: 52.11733333333334
smoothness_bandwidth: 148.9066666666667