particle_bandwidth: 125.67333333333333
smoothness_bandwidth: 359.06666666666666